Imported from els-asymmetric-typeE-5x6L130-sample00.h5 hdf Network
  1806.144554 2157.971985 1985.722778 box dimensions in microns
  30 30 15 number of tissue points in x,y,z directions
  1000.000000 outer bound distance (100. in test case)
  55.000000 max. segment length.  (5. in test case)
  3 nodsegm, max. allowed number of segments per node
  83 total number of segments
name	type	from	to	diam		flow		HD
1 5 2 3 27.214306 66.8287970057 0.370000
2 5 3 4 21.600002 55.6364180895 0.377397
3 5 3 5 21.600014 11.1923789161 0.333231
4 5 6 1 28.694071 66.8287970057 0.370000
5 5 7 6 28.694069 66.8287970057 0.370000
6 5 8 43 25.649681 32.0593285971 0.352869
7 5 5 9 21.600012 11.1923789161 0.333231
8 5 9 10 21.600010 11.1923789161 0.333231
9 5 11 55 28.694033 66.8287970057 0.370000
10 5 4 12 21.600000 55.6364180895 0.377397
11 5 13 42 28.694046 66.8287970057 0.370000
12 5 15 7 28.694067 66.8287970056 0.370000
13 5 16 59 28.694038 66.8287970057 0.370000
14 5 17 15 28.694065 66.8287970057 0.370000
15 5 18 35 28.694010 66.8287970057 0.370000
16 5 19 61 28.694052 66.8287970057 0.370000
17 5 20 40 25.649677 32.0593285971 0.352869
18 5 21 17 28.694063 66.8287970057 0.370000
19 5 22 21 28.694061 66.8287970057 0.370000
20 5 23 74 25.649656 32.0593285971 0.352869
21 5 24 63 28.694016 66.8287970057 0.370000
22 5 25 81 15.000001 20.8669496810 0.363402
23 5 26 37 28.694021 66.8287970057 0.370000
24 5 10 27 21.600008 11.1923789161 0.333231
25 5 27 28 21.600006 11.1923789161 0.333231
26 5 29 68 18.898819 20.8669496810 0.363402
27 5 30 20 25.649675 32.0593285971 0.352869
28 5 31 24 28.694014 66.8287970057 0.370000
29 5 32 44 28.694042 66.8287970057 0.370000
30 5 33 66 25.649672 32.0593285971 0.352869
31 5 34 11 28.694031 66.8287970057 0.370000
32 5 35 31 28.694012 66.8287970057 0.370000
33 5 28 36 21.600004 11.1923789161 0.333231
34 5 37 52 28.694023 66.8287970057 0.370000
35 5 36 38 21.600002 11.1923789161 0.333231
36 5 39 22 28.694059 66.8287970057 0.370000
37 5 40 8 25.649679 32.0593285971 0.352869
38 5 41 39 28.694057 66.8287970057 0.370000
39 5 42 64 28.694048 66.8287970057 0.370000
40 5 43 58 25.649683 32.0593285971 0.352869
41 5 44 13 28.694044 66.8287970057 0.370000
42 5 46 53 28.694027 66.8287970057 0.370000
43 5 47 83 15.000002 34.7694684085 0.385795
44 5 38 48 21.600000 11.1923789161 0.333231
45 5 49 26 28.694019 66.8287970057 0.370000
46 5 51 58 18.898819 34.7694684085 0.385795
47 5 52 46 28.694025 66.8287970057 0.370000
48 5 53 34 28.694029 66.8287970057 0.370000
49 5 54 47 15.000001 34.7694684085 0.385795
50 5 55 56 28.694035 66.8287970057 0.370000
51 5 56 16 28.694036 66.8287970057 0.370000
52 5 57 18 28.694008 66.8287970057 0.370000
53 5 58 57 28.694006 66.8287970057 0.370000
54 5 59 32 28.694040 66.8287970057 0.370000
55 5 60 41 28.694056 66.8287970057 0.370000
56 5 61 60 28.694054 66.8287970057 0.370000
57 5 62 33 25.649670 32.0593285971 0.352869
58 5 63 49 28.694017 66.8287970057 0.370000
59 5 64 19 28.694050 66.8287970057 0.370000
60 5 66 30 25.649673 32.0593285971 0.352869
61 5 67 23 25.649654 32.0593285971 0.352869
62 5 68 67 21.633747 32.0593285971 0.352869
63 5 69 62 25.649668 32.0593285971 0.352869
64 5 70 71 25.649664 32.0593285971 0.352869
65 5 71 69 25.649666 32.0593285971 0.352869
66 5 72 73 25.649660 32.0593285971 0.352869
67 5 73 70 25.649662 32.0593285971 0.352869
68 5 74 72 25.649658 32.0593285971 0.352869
69 5 78 54 15.000000 34.7694684085 0.385795
70 5 79 29 15.000003 20.8669496810 0.363402
71 5 81 79 15.000002 20.8669496810 0.363402
72 5 83 51 15.000003 34.7694684085 0.385795
73 5 85 68 15.000000 11.1923789161 0.333231
74 5 89 25 15.000000 20.8669496810 0.363402
75 5 48 91 11.000000 11.1923789161 0.333231
76 5 91 92 11.000000 11.1923789161 0.333231
77 5 92 93 11.000000 11.1923789161 0.333231
78 5 93 94 11.000000 11.1923789161 0.333231
79 5 94 95 11.000000 11.1923789161 0.333231
80 5 95 85 11.000000 11.1923789161 0.333231
81 5 12 96 11.000000 20.8669496810 0.363402
82 5 96 89 11.000000 20.8669496810 0.363402
83 5 12 78 11.000000 34.7694684085 0.385795
  96 total number of nodes
name x y z
1 1000.000000 1150.111069 1156.144554
2 1520.000000 1450.333221 1368.433655
3 1455.000000 1412.805420 1262.289108
4 1455.000000 1487.860962 1156.144554
5 1390.000000 1300.222137 1262.289108
6 1130.000000 1150.111069 1156.144554
7 1195.000000 1112.583305 1050.000000
8 1195.000000 1562.916504 1050.000000
9 1390.000000 1225.166611 1368.433655
10 1260.000000 1225.166611 1368.433655
11 1260.000000 1000.000000 1368.433655
12 1390.000000 1600.444275 1156.144554
13 1325.000000 1187.638824 1262.289108
14 1325.000000 1637.971985 1580.722778
15 1325.000000 1112.583305 1050.000000
16 1130.000000 1075.055534 1580.722778
17 1390.000000 1225.166611 1050.000000
18 1195.000000 1562.916504 1368.433655
19 1195.000000 1037.527767 1156.144554
20 1195.000000 1637.971985 1262.289108
21 1325.000000 1337.749908 1050.000000
22 1195.000000 1337.749908 1050.000000
23 1195.000000 1412.805420 1580.722778
24 1130.000000 1525.388733 1580.722778
25 1390.000000 1450.333221 1050.000000
26 1455.000000 1412.805420 1580.722778
27 1195.000000 1262.694366 1474.578217
28 1130.000000 1375.277649 1474.578217
29 1195.000000 1412.805420 1262.289108
30 1325.000000 1637.971985 1262.289108
31 1065.000000 1487.860962 1474.578217
32 1260.000000 1150.111069 1474.578217
33 1390.000000 1450.333221 1368.433655
34 1390.000000 1000.000000 1368.433655
35 1065.000000 1562.916504 1368.433655
36 1130.000000 1450.333221 1368.433655
37 1520.000000 1300.222137 1580.722778
38 1260.000000 1450.333221 1368.433655
39 1130.000000 1375.277649 1156.144554
40 1130.000000 1600.444275 1156.144554
41 1130.000000 1300.222137 1262.289108
42 1390.000000 1150.111069 1156.144554
43 1325.000000 1562.916504 1050.000000
44 1325.000000 1112.583305 1368.433655
45 1520.000000 1600.444275 1474.578217
46 1520.000000 1225.166611 1368.433655
47 1585.000000 1487.860962 1156.144554
48 1325.000000 1487.860962 1474.578217
49 1390.000000 1525.388733 1580.722778
50 1585.000000 1487.860962 1474.578217
51 1390.000000 1375.277649 1156.144554
52 1585.000000 1262.694366 1474.578217
53 1455.000000 1112.583305 1368.433655
54 1520.000000 1600.444275 1156.144554
55 1130.000000 1000.000000 1368.433655
56 1065.000000 1037.527767 1474.578217
57 1260.000000 1525.388733 1262.289108
58 1325.000000 1487.860962 1156.144554
59 1260.000000 1075.055534 1580.722778
60 1065.000000 1187.638824 1262.289108
61 1130.000000 1075.055534 1262.289108
62 1390.000000 1375.277649 1474.578217
63 1260.000000 1525.388733 1580.722778
64 1325.000000 1037.527767 1156.144554
65 1520.000000 1375.277649 1474.578217
66 1390.000000 1525.388733 1262.289108
67 1260.000000 1375.277649 1474.578217
68 1195.000000 1337.749908 1368.433655
69 1390.000000 1300.222137 1580.722778
70 1195.000000 1187.638824 1580.722778
71 1325.000000 1187.638824 1580.722778
72 1000.000000 1300.222137 1580.722778
73 1065.000000 1187.638824 1580.722778
74 1065.000000 1412.805420 1580.722778
75 1455.000000 1337.749908 1368.433655
76 1325.000000 1337.749908 1368.433655
77 1260.000000 1600.444275 1474.578217
78 1455.000000 1637.971985 1262.289108
79 1195.000000 1487.860962 1156.144554
80 1130.000000 1600.444275 1474.578217
81 1260.000000 1450.333221 1050.000000
82 1455.000000 1637.971985 1580.722778
83 1520.000000 1375.277649 1156.144554
84 1455.000000 1262.694366 1156.144554
85 1130.000000 1225.166611 1368.433655
86 1000.000000 1600.444275 1474.578217
87 935.000000 1562.916504 1368.433655
88 935.000000 1637.971985 1580.722778
89 1520.000000 1450.333221 1050.000000
90 1130.000000 1525.388733 1262.289108
91 1325.000000 1412.805420 1580.722778
92 1260.000000 1300.222137 1580.722778
93 1130.000000 1300.222137 1580.722778
94 1065.000000 1262.694366 1474.578217
95 1000.000000 1225.166611 1368.433655
96 1455.000000 1562.916504 1050.000000
2 total number of boundary nodes
node	bctyp	press/flow	HD	PO2
2 	0 	3.367834 	0.37 	55. 1. 1
1 	2 	66.828797 	0.37 	55. 1. 1
