Imported from ssels-default-typeE-17x1L130-sample00.h5 hdf Network
  3855.333221 4881.332794 1900.666443 box dimensions in microns
  30 30 15 number of tissue points in x,y,z directions
  1000.000000 outer bound distance (100. in test case)
  55.000000 max. segment length.  (5. in test case)
  3 nodsegm, max. allowed number of segments per node
  189 total number of segments
name	type	from	to	diam		flow		HD
1 5 14 55 7.600000 0.2181565935 0.518976
2 5 18 57 11.447145 1.7153251231 0.410329
3 5 3 58 17.517004 7.4873001723 0.370000
4 5 170 4 9.575400 0.7270882306 0.384367
5 5 60 5 12.995820 2.1941414392 0.303677
6 5 61 6 20.279865 7.0280338228 0.364101
7 5 7 107 5.000000 0.3830914875 0.312241
8 5 63 8 18.317089 5.7443504446 0.353515
9 5 10 65 9.564657 0.7641884727 0.432438
10 5 11 66 13.342015 2.5649942323 0.365079
11 5 12 67 13.342016 4.2887217692 0.385309
12 5 13 68 12.050716 2.6127666113 0.378007
13 5 125 14 7.600000 0.2181565935 0.518976
14 5 17 15 7.600000 0.7455327606 0.393151
15 5 16 133 5.000000 0.3341790960 0.359402
16 5 136 17 12.995819 2.0055989106 0.363269
17 5 20 73 17.517006 7.4873001723 0.370000
18 5 74 21 12.064249 1.8036980945 0.293755
19 5 75 22 14.538280 3.0889531956 0.328033
20 5 76 23 20.279869 7.0280338228 0.364101
21 5 77 24 9.575400 1.4540569524 0.290912
22 5 78 25 18.317093 5.7443504446 0.353515
23 5 26 79 12.856414 2.1537778335 0.379704
24 5 27 111 5.000000 0.2075933251 0.393709
25 5 28 81 14.010204 3.1985784031 0.349474
26 5 29 82 13.572098 4.2887217692 0.385309
27 5 30 83 12.331067 2.6127666113 0.378007
28 5 31 84 5.000000 0.3904433447 0.349514
29 5 32 85 11.756677 2.0984166105 0.392422
30 5 17 33 12.064249 1.2600661500 0.345589
31 5 34 87 10.772177 1.3540781059 0.412347
32 5 35 88 7.211248 0.9264148357 0.365964
33 5 36 89 8.549880 0.5565951476 0.446883
34 5 19 85 5.000000 0.5143500007 0.319199
35 5 37 91 5.000000 0.2561540974 0.349442
36 5 39 93 7.211248 0.4316417449 0.406924
37 5 40 94 12.599215 2.1537778335 0.379704
38 5 41 95 11.119904 1.7445214507 0.398284
39 5 123 42 7.600000 0.8204727816 0.294475
40 5 43 97 5.000000 0.1882711133 0.354833
41 5 44 98 10.000003 1.3540781059 0.412347
42 5 4 45 7.600000 0.5194949055 0.380634
43 5 46 36 7.937006 0.5565951476 0.446883
44 5 47 101 9.564658 1.0198990099 0.429695
45 5 134 48 7.600000 0.1954550898 0.530590
46 5 50 122 7.211248 0.2418068446 0.493799
47 5 51 95 5.000000 0.4092563828 0.300504
48 5 56 52 10.961098 0.8793758988 0.405511
49 5 116 54 7.600001 0.2638112597 0.408159
50 5 57 32 11.756676 2.0984166105 0.392422
51 5 58 20 17.517006 7.4873001723 0.370000
52 5 59 118 5.000000 0.0612464274 0.437304
53 5 22 60 13.810120 2.8527250928 0.324776
54 5 23 61 20.279867 7.0280338228 0.364101
55 5 62 142 5.000000 0.3586171002 0.331755
56 5 25 63 18.317091 5.7443504446 0.353515
57 5 64 115 5.000000 0.6335841708 0.286300
58 5 65 18 10.000002 1.0328408489 0.418802
59 5 66 28 13.794628 3.1985784031 0.349474
60 5 67 29 13.342017 4.2887217692 0.385309
61 5 68 30 12.050717 2.6127666113 0.378007
62 5 69 11 5.000000 0.4112163988 0.288474
63 5 150 70 7.600000 0.1522876682 0.506459
64 5 72 160 8.549881 0.5056181043 0.449116
65 5 73 1 17.517006 7.4873001723 0.370000
66 5 5 74 12.064250 1.8036980945 0.293755
67 5 8 75 18.317087 5.7443504446 0.353515
68 5 2 76 20.967840 7.4873001723 0.370000
69 5 21 77 10.961098 1.8036980945 0.293755
70 5 6 78 18.317095 5.7443504446 0.353515
71 5 79 11 13.103713 2.1537778335 0.379704
72 5 80 139 5.000000 0.0612464274 0.437304
73 5 81 3 14.010205 3.1985784031 0.349474
74 5 82 3 13.794631 4.2887217692 0.385309
75 5 83 12 12.331068 2.6127666113 0.378007
76 5 84 41 5.000000 0.3904433447 0.349514
77 5 85 13 12.050715 2.6127666113 0.378007
78 5 173 86 7.600000 0.6104865146 0.281570
79 5 87 41 10.772177 1.3540781059 0.412347
80 5 88 12 7.937006 1.6759551579 0.396691
81 5 89 10 9.085604 0.5565951476 0.446883
82 5 90 47 5.000000 0.3244045576 0.431808
83 5 91 35 6.299605 0.5677977355 0.387570
84 5 33 92 7.600000 0.3626246618 0.418252
85 5 93 18 7.937006 0.6824842742 0.397506
86 5 94 26 12.599216 2.1537778335 0.379704
87 5 95 40 11.447145 2.1537778335 0.379704
88 5 96 46 5.000000 0.3253832891 0.541459
89 5 97 39 6.299605 0.4316417449 0.406924
90 5 98 34 10.400422 1.3540781059 0.412347
91 5 4 99 7.600000 0.2075933251 0.393709
92 5 5 100 7.600000 0.3904433447 0.349514
93 5 101 44 9.564658 1.0198990099 0.429695
94 5 33 102 10.961098 0.8974414882 0.316228
95 5 56 106 7.600000 0.4043074794 0.424443
96 5 107 57 5.000000 0.3830914875 0.312241
97 5 124 108 7.600000 0.6335841708 0.286300
98 5 6 110 12.995819 1.2836833782 0.411474
99 5 110 56 12.064249 1.2836833782 0.411474
100 5 111 10 5.000000 0.2075933251 0.393709
101 5 112 43 5.000000 0.1882711133 0.354833
102 5 52 113 9.575400 0.7270882306 0.384367
103 5 127 114 7.600000 0.4316417449 0.406924
104 5 115 66 6.299605 0.6335841708 0.286300
105 5 144 116 7.600001 0.2638112597 0.408159
106 5 125 117 12.995821 2.0055989106 0.363269
107 5 118 156 6.299605 0.1075981822 0.394807
108 5 119 91 5.000000 0.3116436381 0.418909
109 5 120 69 5.000000 0.4112163988 0.288474
110 5 22 121 7.600000 0.2362281029 0.367361
111 5 122 163 7.937006 0.3398175331 0.458598
112 5 124 123 7.600000 0.8204727816 0.294475
113 5 132 124 9.575400 1.4540569524 0.290912
114 5 127 125 13.810121 2.2237555041 0.378545
115 5 126 46 7.211248 0.2312118585 0.313783
116 5 75 127 14.538281 2.6553972489 0.383158
117 5 128 119 5.000000 0.3116436381 0.418909
118 5 129 140 5.000000 0.0463517548 0.338654
119 5 130 97 5.000000 0.2433706315 0.447221
120 5 24 132 9.575400 1.4540569524 0.290912
121 5 133 44 5.000000 0.3341790960 0.359402
122 5 76 134 9.575401 0.4592663495 0.460264
123 5 135 122 5.000000 0.0980106885 0.371752
124 5 117 136 12.995820 2.0055989106 0.363269
125 5 137 169 5.000000 0.1898763480 0.374369
126 5 77 138 7.600000 0.3496411420 0.305577
127 5 139 59 5.000000 0.0612464274 0.437304
128 5 140 118 5.000000 0.0463517548 0.338654
129 5 146 141 7.600000 0.2638112597 0.408159
130 5 142 35 5.000000 0.3586171002 0.331755
131 5 134 144 7.600001 0.2638112597 0.408159
132 5 171 146 7.600000 0.2638112597 0.408159
133 5 148 137 5.000000 0.1898763480 0.374369
134 5 149 50 7.211248 0.2418068446 0.493799
135 5 52 150 7.600000 0.1522876682 0.506459
136 5 151 47 9.085605 0.6954944524 0.428709
137 5 92 152 7.600000 0.3626246618 0.418252
138 5 153 155 6.299605 0.2312118585 0.313783
139 5 102 154 7.600000 0.2869549735 0.389960
140 5 155 126 6.299605 0.2312118585 0.313783
141 5 156 149 6.299605 0.1075981822 0.394807
142 5 157 149 5.000000 0.1342086624 0.573160
143 5 160 151 8.549881 0.5056181043 0.449116
144 5 161 37 5.000000 0.2561540974 0.349442
145 5 114 162 7.600000 0.4316417449 0.406924
146 5 163 72 7.937006 0.3398175331 0.458598
147 5 164 88 5.000000 0.7495403222 0.434669
148 5 60 165 7.600000 0.6585836536 0.395068
149 5 166 72 5.000000 0.1658005712 0.429680
150 5 45 168 7.600000 0.5194949055 0.380634
151 5 169 151 5.000000 0.1898763480 0.374369
152 5 175 170 9.575400 0.7270882306 0.384367
153 5 54 171 7.600000 0.2638112597 0.408159
154 5 172 65 5.000000 0.2686523762 0.380013
155 5 102 173 9.575400 0.6104865146 0.281570
156 5 86 174 7.600000 0.6104865146 0.281570
157 5 113 175 9.575400 0.7270882306 0.384367
158 5 178 153 5.000000 0.2312118585 0.313783
159 5 183 93 5.000000 0.2508425293 0.381299
160 5 207 31 5.000000 0.3904433447 0.349514
161 5 141 166 5.000000 0.1658005712 0.429680
162 5 70 96 5.000000 0.1522876682 0.506459
163 5 165 90 5.000000 0.3244045576 0.431808
164 5 162 112 5.000000 0.1882711133 0.354833
165 5 100 207 5.000000 0.3904433447 0.349514
166 5 106 178 5.000000 0.2312118585 0.313783
167 5 55 128 5.000000 0.2181565935 0.518976
168 5 121 148 5.000000 0.1898763480 0.374369
169 5 106 96 5.000000 0.1730956209 0.572251
170 5 48 157 5.000000 0.1342086624 0.573160
171 5 15 164 5.000000 0.3869156604 0.450056
172 5 168 172 5.000000 0.2686523762 0.380013
173 5 168 183 5.000000 0.2508425293 0.381299
174 5 152 164 5.000000 0.3626246618 0.418252
175 5 165 16 5.000000 0.3341790960 0.359402
176 5 42 120 5.000000 0.4112163988 0.288474
177 5 138 128 5.000000 0.0934870447 0.185380
178 5 99 27 5.000000 0.2075933251 0.393709
179 5 162 130 5.000000 0.2433706315 0.447221
180 5 154 7 5.000000 0.2869549735 0.389960
181 5 15 62 5.000000 0.3586171002 0.331755
182 5 108 64 5.000000 0.6335841708 0.286300
183 5 121 129 5.000000 0.0463517548 0.338654
184 5 48 80 5.000000 0.0612464274 0.437304
185 5 42 51 5.000000 0.4092563828 0.300504
186 5 138 161 5.000000 0.2561540974 0.349442
187 5 174 7 5.000000 0.0961365139 0.080224
188 5 141 135 5.000000 0.0980106885 0.371752
189 5 174 19 5.000000 0.5143500007 0.319199
  215 total number of nodes
name x y z
1 740.000000 1450.333221 1050.000000
2 3080.000000 2801.332886 1050.000000
3 1000.000000 1900.666443 1050.000000
4 2235.000000 2013.249695 1050.000000
5 2040.000000 2801.332886 1050.000000
6 2820.000000 2350.999634 1050.000000
7 1910.000000 1675.499817 1050.000000
8 2300.000000 2350.999634 1050.000000
9 675.000000 2688.749512 1050.000000
10 2430.000000 1675.499817 1050.000000
11 1260.000000 2350.999634 1050.000000
12 1520.000000 1900.666443 1050.000000
13 1780.000000 1450.333221 1050.000000
14 1975.000000 2463.582886 1050.000000
15 1780.000000 2125.833008 1050.000000
16 2105.000000 2913.916138 1050.000000
17 1910.000000 2125.833008 1050.000000
18 2170.000000 1675.499817 1050.000000
19 1975.000000 1562.916504 1050.000000
20 870.000000 1675.499817 1050.000000
21 1910.000000 2576.166260 1050.000000
22 2170.000000 2576.166260 1050.000000
23 2950.000000 2576.166260 1050.000000
24 1650.000000 2576.166260 1050.000000
25 2560.000000 2350.999634 1050.000000
26 1130.000000 2576.166260 1050.000000
27 2430.000000 1900.666443 1050.000000
28 1130.000000 2125.833008 1050.000000
29 1260.000000 1900.666443 1050.000000
30 1650.000000 1675.499817 1050.000000
31 1780.000000 2801.332886 1050.000000
32 2040.000000 1450.333221 1050.000000
33 1845.000000 2013.249695 1050.000000
34 1650.000000 3026.499390 1050.000000
35 1650.000000 2125.833008 1050.000000
36 2690.000000 1675.499817 1050.000000
37 1520.000000 2350.999634 1050.000000
38 740.000000 2801.332886 1050.000000
39 2040.000000 1900.666443 1050.000000
40 1260.000000 2801.332886 1050.000000
41 1520.000000 2801.332886 1050.000000
42 1325.000000 2688.749512 1050.000000
43 2170.000000 2125.833008 1050.000000
44 1910.000000 3026.499390 1050.000000
45 2300.000000 1900.666443 1050.000000
46 2755.000000 1788.083130 1050.000000
47 2170.000000 3026.499390 1050.000000
48 2755.000000 2688.749512 1050.000000
49 1130.000000 3026.499390 1050.000000
50 2755.000000 2913.916138 1050.000000
51 1455.000000 2688.749512 1050.000000
52 2625.000000 2013.249695 1050.000000
53 870.000000 3026.499390 1050.000000
54 2820.000000 3026.499390 1050.000000
55 1845.000000 2463.582886 1050.000000
56 2690.000000 2125.833008 1050.000000
57 2105.000000 1562.916504 1050.000000
58 935.000000 1788.083130 1050.000000
59 2560.000000 2576.166260 1050.000000
60 2105.000000 2688.749512 1050.000000
61 2885.000000 2463.582886 1050.000000
62 1845.000000 2238.416382 1050.000000
63 2430.000000 2350.999634 1050.000000
64 1390.000000 2350.999634 1050.000000
65 2300.000000 1675.499817 1050.000000
66 1195.000000 2238.416382 1050.000000
67 1390.000000 1900.666443 1050.000000
68 1715.000000 1562.916504 1050.000000
69 1325.000000 2463.582886 1050.000000
70 2625.000000 1788.083130 1050.000000
71 740.000000 2350.999634 1050.000000
72 2495.000000 3139.082764 1050.000000
73 805.000000 1562.916504 1050.000000
74 1975.000000 2688.749512 1050.000000
75 2235.000000 2463.582886 1050.000000
76 3015.000000 2688.749512 1050.000000
77 1780.000000 2576.166260 1050.000000
78 2690.000000 2350.999634 1050.000000
79 1195.000000 2463.582886 1050.000000
80 2820.000000 2576.166260 1050.000000
81 1065.000000 2013.249695 1050.000000
82 1130.000000 1900.666443 1050.000000
83 1585.000000 1788.083130 1050.000000
84 1650.000000 2801.332886 1050.000000
85 1910.000000 1450.333221 1050.000000
86 1780.000000 1675.499817 1050.000000
87 1585.000000 2913.916138 1050.000000
88 1585.000000 2013.249695 1050.000000
89 2560.000000 1675.499817 1050.000000
90 2235.000000 2913.916138 1050.000000
91 1585.000000 2238.416382 1050.000000
92 1780.000000 1900.666443 1050.000000
93 2105.000000 1788.083130 1050.000000
94 1195.000000 2688.749512 1050.000000
95 1390.000000 2801.332886 1050.000000
96 2690.000000 1900.666443 1050.000000
97 2105.000000 2013.249695 1050.000000
98 1780.000000 3026.499390 1050.000000
99 2365.000000 2013.249695 1050.000000
100 1910.000000 2801.332886 1050.000000
101 2040.000000 3026.499390 1050.000000
102 1910.000000 1900.666443 1050.000000
103 1195.000000 2913.916138 1050.000000
104 1000.000000 3026.499390 1050.000000
105 1325.000000 3139.082764 1050.000000
106 2755.000000 2013.249695 1050.000000
107 2040.000000 1675.499817 1050.000000
108 1455.000000 2463.582886 1050.000000
109 1195.000000 3139.082764 1050.000000
110 2755.000000 2238.416382 1050.000000
111 2495.000000 1788.083130 1050.000000
112 2235.000000 2238.416382 1050.000000
113 2495.000000 2013.249695 1050.000000
114 2170.000000 2350.999634 1050.000000
115 1325.000000 2238.416382 1050.000000
116 2885.000000 2913.916138 1050.000000
117 1910.000000 2350.999634 1050.000000
118 2495.000000 2688.749512 1050.000000
119 1650.000000 2350.999634 1050.000000
120 1260.000000 2576.166260 1050.000000
121 2235.000000 2688.749512 1050.000000
122 2690.000000 3026.499390 1050.000000
123 1390.000000 2576.166260 1050.000000
124 1520.000000 2576.166260 1050.000000
125 2040.000000 2350.999634 1050.000000
126 2885.000000 1788.083130 1050.000000
127 2105.000000 2463.582886 1050.000000
128 1780.000000 2350.999634 1050.000000
129 2300.000000 2576.166260 1050.000000
130 2040.000000 2125.833008 1050.000000
131 740.000000 2576.166260 1050.000000
132 1585.000000 2688.749512 1050.000000
133 1975.000000 2913.916138 1050.000000
134 2885.000000 2688.749512 1050.000000
135 2755.000000 3139.082764 1050.000000
136 1975.000000 2238.416382 1050.000000
137 2300.000000 2801.332886 1050.000000
138 1715.000000 2463.582886 1050.000000
139 2690.000000 2576.166260 1050.000000
140 2430.000000 2576.166260 1050.000000
141 2690.000000 3251.666016 1050.000000
142 1715.000000 2238.416382 1050.000000
143 1065.000000 3139.082764 1050.000000
144 2820.000000 2801.332886 1050.000000
145 870.000000 2801.332886 1050.000000
146 2820.000000 3251.666016 1050.000000
147 805.000000 2913.916138 1050.000000
148 2365.000000 2688.749512 1050.000000
149 2690.000000 2801.332886 1050.000000
150 2560.000000 1900.666443 1050.000000
151 2300.000000 3026.499390 1050.000000
152 1650.000000 1900.666443 1050.000000
153 2885.000000 2013.249695 1050.000000
154 1975.000000 1788.083130 1050.000000
155 2950.000000 1900.666443 1050.000000
156 2560.000000 2801.332886 1050.000000
157 2625.000000 2688.749512 1050.000000
158 805.000000 2463.582886 1050.000000
159 935.000000 2913.916138 1050.000000
160 2365.000000 3139.082764 1050.000000
161 1585.000000 2463.582886 1050.000000
162 2105.000000 2238.416382 1050.000000
163 2560.000000 3026.499390 1050.000000
164 1715.000000 2013.249695 1050.000000
165 2170.000000 2801.332886 1050.000000
166 2625.000000 3139.082764 1050.000000
167 1195.000000 1788.083130 1050.000000
168 2235.000000 1788.083130 1050.000000
169 2365.000000 2913.916138 1050.000000
170 2300.000000 2125.833008 1050.000000
171 2885.000000 3139.082764 1050.000000
172 2365.000000 1788.083130 1050.000000
173 1845.000000 1788.083130 1050.000000
174 1845.000000 1562.916504 1050.000000
175 2430.000000 2125.833008 1050.000000
176 935.000000 3139.082764 1050.000000
177 805.000000 2238.416382 1050.000000
178 2820.000000 2125.833008 1050.000000
179 870.000000 2125.833008 1050.000000
180 2755.000000 1562.916504 1050.000000
181 1065.000000 2463.582886 1050.000000
182 1585.000000 3139.082764 1050.000000
183 2170.000000 1900.666443 1050.000000
184 1845.000000 3139.082764 1050.000000
185 870.000000 2350.999634 1050.000000
186 2625.000000 1562.916504 1050.000000
187 1845.000000 2688.749512 1050.000000
188 1065.000000 2688.749512 1050.000000
189 1390.000000 2125.833008 1050.000000
190 1325.000000 2013.249695 1050.000000
191 1520.000000 2125.833008 1050.000000
192 2950.000000 2125.833008 1050.000000
193 3080.000000 2125.833008 1050.000000
194 2885.000000 2238.416382 1050.000000
195 1325.000000 1788.083130 1050.000000
196 1260.000000 1675.499817 1050.000000
197 1455.000000 1788.083130 1050.000000
198 1065.000000 2238.416382 1050.000000
199 935.000000 2238.416382 1050.000000
200 1130.000000 2350.999634 1050.000000
201 2625.000000 2238.416382 1050.000000
202 2755.000000 2463.582886 1050.000000
203 1585.000000 1562.916504 1050.000000
204 1390.000000 3026.499390 1050.000000
205 1325.000000 2913.916138 1050.000000
206 1520.000000 3026.499390 1050.000000
207 1845.000000 2913.916138 1050.000000
208 1715.000000 1788.083130 1050.000000
209 1975.000000 2013.249695 1050.000000
210 3015.000000 1788.083130 1050.000000
211 3080.000000 1675.499817 1050.000000
212 3080.000000 1900.666443 1050.000000
213 870.000000 2576.166260 1050.000000
214 935.000000 2463.582886 1050.000000
215 935.000000 2688.749512 1050.000000
2 total number of boundary nodes
node	bctyp	press/flow	HD	PO2
1 	2 	7.487300 	0.37 	55. 1. 1
2 	0 	3.552007 	0.37 	55. 1. 1
