Imported from ls-asymmetric-typeE-9x11L130-sample00.h5 hdf Network
  2730.222137 3315.944035 2971.445557 box dimensions in microns
  30 30 15 number of tissue points in x,y,z directions
  1000.000000 outer bound distance (100. in test case)
  55.000000 max. segment length.  (5. in test case)
  3 nodsegm, max. allowed number of segments per node
  154 total number of segments
name	type	from	to	diam		flow		HD
1 5 91 92 56.696671 143.1347374300 0.370000
2 5 93 3 27.214329 143.1347374299 0.370000
3 5 94 4 21.600019 52.7233287948 0.343766
4 5 95 5 21.600029 90.4114086350 0.385298
5 5 6 96 56.696655 143.1347374300 0.370000
6 5 7 97 39.311310 70.9113009998 0.374977
7 5 8 98 49.529049 72.2234364301 0.365113
8 5 99 9 21.600025 90.4114086350 0.385298
9 5 100 10 21.600021 90.4114086350 0.385298
10 5 11 101 39.311211 70.9113009998 0.374977
11 5 102 12 21.600016 52.7233287948 0.343766
12 5 104 14 21.600012 52.7233287948 0.343766
13 5 15 105 39.311302 70.9113009998 0.374977
14 5 16 106 39.311188 70.9113009997 0.374977
15 5 17 107 39.311295 70.9113009998 0.374977
16 5 18 108 49.529041 72.2234364301 0.365113
17 5 19 109 39.311180 70.9113009997 0.374977
18 5 20 110 49.529034 72.2234364301 0.365113
19 5 21 111 39.311287 70.9113009998 0.374977
20 5 22 112 39.311279 70.9113009998 0.374977
21 5 114 24 21.600008 52.7233287948 0.343766
22 5 115 25 21.600004 52.7233287948 0.343766
23 5 26 116 39.311218 70.9113009998 0.374977
24 5 117 27 21.600018 90.4114086350 0.385298
25 5 118 28 21.600014 90.4114086350 0.385298
26 5 30 120 49.529026 72.2234364300 0.365113
27 5 31 121 49.529018 72.2234364300 0.365113
28 5 32 122 39.311203 70.9113009998 0.374977
29 5 33 123 36.993244 72.2234364301 0.365113
30 5 35 125 49.529011 72.2234364301 0.365113
31 5 126 36 21.600010 90.4114086350 0.385298
32 5 128 38 21.600006 90.4114086350 0.385298
33 5 39 129 39.311272 70.9113009998 0.374977
34 5 41 131 39.311264 70.9113009998 0.374977
35 5 132 42 21.600000 52.7233287948 0.343766
36 5 43 280 25.649652 72.2234364302 0.365113
37 5 44 134 39.311226 70.9113009998 0.374977
38 5 45 135 36.993229 72.2234364301 0.365113
39 5 46 136 49.528988 72.2234364300 0.365113
40 5 138 48 21.600002 90.4114086350 0.385298
41 5 49 139 39.311241 70.9113009999 0.374977
42 5 140 50 21.600000 90.4114086350 0.385298
43 5 53 143 25.649666 70.9113009997 0.374977
44 5 55 145 49.529003 72.2234364301 0.365113
45 5 56 146 39.311234 70.9113009998 0.374977
46 5 58 148 49.528996 72.2234364300 0.365113
47 5 59 149 39.311195 70.9113009997 0.374977
48 5 60 150 39.311256 70.9113009999 0.374977
49 5 61 151 39.311249 70.9113009999 0.374977
50 5 62 73 31.201286 72.2234364301 0.365113
51 5 64 154 25.649670 70.9113009997 0.374977
52 5 65 155 44.437515 72.2234364301 0.365113
53 5 69 159 36.993237 72.2234364301 0.365113
54 5 72 162 18.898825 70.9113009997 0.374977
55 5 73 240 31.201288 72.2234364301 0.365113
56 5 74 72 18.898823 70.9113009997 0.374977
57 5 75 62 31.201284 72.2234364301 0.365113
58 5 84 174 31.201294 72.2234364301 0.365113
59 5 90 2 27.214333 143.1347374299 0.370000
60 5 1 91 56.696667 143.1347374301 0.370000
61 5 2 93 27.214331 143.1347374299 0.370000
62 5 3 94 21.600021 52.7233287948 0.343766
63 5 3 95 21.600031 90.4114086350 0.385298
64 5 96 1 56.696659 143.1347374300 0.370000
65 5 97 6 39.311314 70.9113009998 0.374977
66 5 98 6 49.529053 72.2234364301 0.365113
67 5 5 99 21.600027 90.4114086350 0.385298
68 5 9 100 21.600023 90.4114086350 0.385298
69 5 101 26 39.311214 70.9113009998 0.374977
70 5 4 102 21.600018 52.7233287948 0.343766
71 5 12 104 21.600014 52.7233287948 0.343766
72 5 105 7 39.311306 70.9113009998 0.374977
73 5 106 59 39.311192 70.9113009997 0.374977
74 5 107 15 39.311298 70.9113009999 0.374977
75 5 108 8 49.529045 72.2234364301 0.365113
76 5 109 16 39.311184 70.9113009998 0.374977
77 5 110 18 49.529037 72.2234364301 0.365113
78 5 111 17 39.311291 70.9113009998 0.374977
79 5 112 21 39.311283 70.9113009998 0.374977
80 5 14 114 21.600010 52.7233287948 0.343766
81 5 24 115 21.600006 52.7233287948 0.343766
82 5 116 44 39.311222 70.9113009998 0.374977
83 5 10 117 21.600019 90.4114086350 0.385298
84 5 27 118 21.600016 90.4114086350 0.385298
85 5 120 20 49.529030 72.2234364300 0.365113
86 5 121 30 49.529022 72.2234364300 0.365113
87 5 122 11 39.311207 70.9113009998 0.374977
88 5 123 65 36.993248 72.2234364301 0.365113
89 5 125 31 49.529015 72.2234364301 0.365113
90 5 28 126 21.600012 90.4114086350 0.385298
91 5 36 128 21.600008 90.4114086350 0.385298
92 5 129 22 39.311275 70.9113009998 0.374977
93 5 131 39 39.311268 70.9113009999 0.374977
94 5 25 132 21.600002 52.7233287948 0.343766
95 5 42 133 21.600000 52.7233287948 0.343766
96 5 134 56 39.311230 70.9113009998 0.374977
97 5 135 69 36.993233 72.2234364301 0.365113
98 5 136 58 49.528992 72.2234364301 0.365113
99 5 38 138 21.600004 90.4114086350 0.385298
100 5 139 61 39.311245 70.9113009998 0.374977
101 5 48 140 21.600000 90.4114086350 0.385298
102 5 143 64 25.649668 70.9113009997 0.374977
103 5 145 35 49.529007 72.2234364301 0.365113
104 5 146 49 39.311237 70.9113009998 0.374977
105 5 147 209 23.811022 72.2234364301 0.365113
106 5 148 55 49.528999 72.2234364301 0.365113
107 5 149 32 39.311199 70.9113009998 0.374977
108 5 150 41 39.311260 70.9113009999 0.374977
109 5 151 60 39.311253 70.9113009998 0.374977
110 5 154 19 25.649672 70.9113009997 0.374977
111 5 155 46 44.437519 72.2234364301 0.365113
112 5 159 33 36.993240 72.2234364301 0.365113
113 5 162 53 18.898827 70.9113009997 0.374977
114 5 174 45 31.201296 72.2234364301 0.365113
115 5 175 84 31.201292 72.2234364301 0.365113
116 5 184 74 18.898821 70.9113009997 0.374977
117 5 186 147 18.898817 51.7851587794 0.386492
118 5 193 198 18.898817 70.9113009997 0.374977
119 5 195 186 15.000000 51.7851587794 0.386492
120 5 198 184 18.898819 70.9113009997 0.374977
121 5 209 295 23.811024 72.2234364301 0.365113
122 5 212 221 18.898821 20.4382776507 0.310944
123 5 219 43 23.811029 72.2234364302 0.365113
124 5 221 147 18.898823 20.4382776507 0.310944
125 5 240 175 31.201290 72.2234364301 0.365113
126 5 242 294 31.201277 72.2234364302 0.365113
127 5 265 195 15.000000 51.7851587794 0.386492
128 5 270 290 31.201281 72.2234364301 0.365113
129 5 280 340 31.201273 72.2234364302 0.365113
130 5 290 75 31.201283 72.2234364301 0.365113
131 5 294 270 31.201279 72.2234364301 0.365113
132 5 295 350 23.811026 72.2234364302 0.365113
133 5 332 193 15.000000 32.2850511441 0.364544
134 5 340 242 31.201275 72.2234364302 0.365113
135 5 350 219 23.811028 72.2234364302 0.365113
136 5 363 212 18.898819 20.4382776507 0.310944
137 5 372 397 15.000001 20.4382776507 0.310944
138 5 389 363 15.000003 20.4382776507 0.310944
139 5 394 396 15.000000 38.6262498556 0.383698
140 5 396 193 15.000000 38.6262498556 0.383698
141 5 397 389 15.000002 20.4382776507 0.310944
142 5 428 372 15.000000 20.4382776507 0.310944
143 5 429 428 15.000000 20.4382776507 0.310944
144 5 50 394 11.000000 38.6262498556 0.383698
145 5 443 429 11.000000 20.4382776507 0.310944
146 5 444 443 11.000000 20.4382776507 0.310944
147 5 445 444 11.000000 20.4382776507 0.310944
148 5 446 445 11.000000 20.4382776507 0.310944
149 5 447 446 11.000000 20.4382776507 0.310944
150 5 133 447 11.000000 20.4382776507 0.310944
151 5 448 332 11.000000 32.2850511441 0.364544
152 5 449 448 11.000000 32.2850511441 0.364544
153 5 133 449 11.000000 32.2850511441 0.364544
154 5 50 265 11.000000 51.7851587794 0.386492
  449 total number of nodes
name x y z
1 1000.000000 1300.222137 1262.289108
2 2040.000000 1900.666443 1686.867310
3 1910.000000 1825.610840 1474.578217
4 1910.000000 1975.721924 1262.289108
5 1780.000000 1600.444275 1474.578217
6 1260.000000 1300.222137 1262.289108
7 1390.000000 1225.166611 1050.000000
8 1390.000000 1375.277649 1474.578217
9 1780.000000 1450.333221 1686.867310
10 1520.000000 1450.333221 1686.867310
11 1650.000000 1225.166611 1686.867310
12 1780.000000 2200.888550 1262.289108
13 1975.000000 1112.583305 1368.433655
14 1910.000000 2275.943970 1474.578217
15 1650.000000 1225.166611 1050.000000
16 1260.000000 1150.111069 2111.445557
17 1780.000000 1450.333221 1050.000000
18 1390.000000 1225.166611 1686.867310
19 1130.000000 1375.277649 2111.445557
20 1260.000000 1300.222137 1899.156433
21 1650.000000 1675.499817 1050.000000
22 1390.000000 1675.499817 1050.000000
23 1000.000000 1750.555298 1899.156433
24 1910.000000 2125.833008 1686.867310
25 1780.000000 1900.666443 1686.867310
26 1650.000000 1375.277649 1474.578217
27 1390.000000 1525.388733 1899.156433
28 1260.000000 1750.555298 1899.156433
29 870.000000 2275.943970 1474.578217
30 1000.000000 1300.222137 1899.156433
31 1000.000000 1450.333221 1686.867310
32 1520.000000 1300.222137 1899.156433
33 1650.000000 1675.499817 1686.867310
34 1390.000000 2200.888550 1580.722778
35 1000.000000 1600.444275 1474.578217
36 1260.000000 1900.666443 1686.867310
37 1130.000000 1525.388733 1899.156433
38 1520.000000 1900.666443 1686.867310
39 1260.000000 1750.555298 1262.289108
40 1780.000000 1150.111069 1474.578217
41 1260.000000 1600.444275 1474.578217
42 1780.000000 1750.555298 1899.156433
43 1520.000000 1750.555298 1899.156433
44 1780.000000 1300.222137 1262.289108
45 1780.000000 1300.222137 1899.156433
46 1520.000000 1750.555298 1262.289108
47 1910.000000 1225.166611 1686.867310
48 1650.000000 1975.721924 1899.156433
49 1390.000000 1075.055534 1262.289108
50 1650.000000 1825.610840 2111.445557
51 870.000000 1900.666443 1368.433655
52 1390.000000 1975.721924 1899.156433
53 1130.000000 1825.610840 2111.445557
54 1130.000000 1975.721924 1899.156433
55 1130.000000 1525.388733 1262.289108
56 1650.000000 1075.055534 1262.289108
57 1130.000000 2125.833008 1368.433655
58 1390.000000 1525.388733 1262.289108
59 1520.000000 1150.111069 2111.445557
60 1130.000000 1375.277649 1474.578217
61 1260.000000 1150.111069 1474.578217
62 1910.000000 1075.055534 1899.156433
63 1065.000000 2238.416382 1368.433655
64 1000.000000 1600.444275 2111.445557
65 1650.000000 1825.610840 1474.578217
66 2105.000000 1262.694366 1156.144554
67 1520.000000 2200.888550 1899.156433
68 1130.000000 1675.499817 1686.867310
69 1650.000000 1525.388733 1899.156433
70 1975.000000 1788.083130 2005.301025
71 2105.000000 1337.749908 1368.433655
72 1390.000000 1825.610840 2111.445557
73 1975.000000 1037.527767 1793.011902
74 1455.000000 1938.194092 2111.445557
75 1845.000000 1187.638824 1899.156433
76 870.000000 2050.777466 2111.445557
77 1780.000000 2050.777466 1474.578217
78 2040.000000 2050.777466 1474.578217
79 1065.000000 1938.194092 1474.578217
80 2040.000000 1150.111069 1156.144554
81 1130.000000 1825.610840 1474.578217
82 1455.000000 1788.083130 2005.301025
83 1390.000000 1825.610840 1474.578217
84 2040.000000 1300.222137 1899.156433
85 1065.000000 2238.416382 1686.867310
86 935.000000 2313.471802 1262.289108
87 1390.000000 1975.721924 1262.289108
88 2105.000000 1562.916504 1368.433655
89 2040.000000 1975.721924 1899.156433
90 2170.000000 1900.666443 1686.867310
91 935.000000 1262.694366 1156.144554
92 870.000000 1225.166611 1050.000000
93 1975.000000 1863.138611 1580.722778
94 1910.000000 1900.666443 1368.433655
95 1845.000000 1713.027588 1474.578217
96 1130.000000 1300.222137 1262.289108
97 1325.000000 1262.694366 1156.144554
98 1325.000000 1337.749908 1368.433655
99 1780.000000 1525.388733 1580.722778
100 1650.000000 1450.333221 1686.867310
101 1650.000000 1300.222137 1580.722778
102 1845.000000 2088.305176 1262.289108
103 935.000000 2088.305176 1580.722778
104 1845.000000 2238.416382 1368.433655
105 1520.000000 1225.166611 1050.000000
106 1390.000000 1150.111069 2111.445557
107 1715.000000 1337.749908 1050.000000
108 1390.000000 1300.222137 1580.722778
109 1195.000000 1262.694366 2111.445557
110 1325.000000 1262.694366 1793.011902
111 1715.000000 1562.916504 1050.000000
112 1520.000000 1675.499817 1050.000000
113 1065.000000 1637.971985 1899.156433
114 1910.000000 2200.888550 1580.722778
115 1845.000000 2013.249695 1686.867310
116 1715.000000 1337.749908 1368.433655
117 1455.000000 1487.860962 1793.011902
118 1325.000000 1637.971985 1899.156433
119 1390.000000 2125.833008 1050.000000
120 1130.000000 1300.222137 1899.156433
121 1000.000000 1375.277649 1793.011902
122 1585.000000 1262.694366 1793.011902
123 1650.000000 1750.555298 1580.722778
124 1260.000000 2125.833008 1050.000000
125 1000.000000 1525.388733 1580.722778
126 1260.000000 1825.610840 1793.011902
127 1130.000000 1450.333221 2005.301025
128 1390.000000 1900.666443 1686.867310
129 1325.000000 1713.027588 1156.144554
130 1845.000000 1187.638824 1580.722778
131 1260.000000 1675.499817 1368.433655
132 1780.000000 1825.610840 1793.011902
133 1650.000000 1750.555298 1899.156433
134 1715.000000 1187.638824 1262.289108
135 1715.000000 1412.805420 1899.156433
136 1455.000000 1637.971985 1262.289108
137 1845.000000 1262.694366 1793.011902
138 1585.000000 1938.194092 1793.011902
139 1325.000000 1112.583305 1368.433655
140 1650.000000 1900.666443 2005.301025
141 1195.000000 2313.471802 1580.722778
142 1260.000000 1975.721924 1899.156433
143 1065.000000 1713.027588 2111.445557
144 1065.000000 1863.138611 1899.156433
145 1065.000000 1562.916504 1368.433655
146 1520.000000 1075.055534 1262.289108
147 1715.000000 2013.249695 2005.301025
148 1260.000000 1525.388733 1262.289108
149 1520.000000 1225.166611 2005.301025
150 1195.000000 1487.860962 1474.578217
151 1195.000000 1262.694366 1474.578217
152 1715.000000 1637.971985 1899.156433
153 1195.000000 1938.194092 2111.445557
154 1065.000000 1487.860962 2111.445557
155 1585.000000 1788.083130 1368.433655
156 1650.000000 2200.888550 1899.156433
157 1455.000000 2088.305176 1899.156433
158 1130.000000 1600.444275 1793.011902
159 1650.000000 1600.444275 1793.011902
160 1975.000000 1187.638824 1262.289108
161 870.000000 1975.721924 1262.289108
162 1260.000000 1825.610840 2111.445557
163 2170.000000 1675.499817 1050.000000
164 1975.000000 1037.527767 1474.578217
165 2105.000000 1562.916504 1686.867310
166 1000.000000 2275.943970 1793.011902
167 1715.000000 1938.194092 1474.578217
168 1910.000000 2050.777466 1474.578217
169 1260.000000 2275.943970 1474.578217
170 1390.000000 2275.943970 1474.578217
171 1130.000000 1750.555298 1580.722778
172 1000.000000 1825.610840 1474.578217
173 1260.000000 1825.610840 1474.578217
174 1910.000000 1300.222137 1899.156433
175 2105.000000 1187.638824 1899.156433
176 870.000000 2275.943970 1156.144554
177 1455.000000 1863.138611 1262.289108
178 1390.000000 2050.777466 1156.144554
179 2040.000000 1600.444275 1156.144554
180 1715.000000 2088.305176 1899.156433
181 1000.000000 1675.499817 1050.000000
182 1780.000000 2125.833008 2005.301025
183 2235.000000 2163.360718 1793.011902
184 1585.000000 1938.194092 2111.445557
185 2170.000000 2125.833008 2005.301025
186 1780.000000 1900.666443 2005.301025
187 2105.000000 1412.805420 1580.722778
188 2040.000000 1450.333221 1368.433655
189 1260.000000 1900.666443 1050.000000
190 1325.000000 2238.416382 1050.000000
191 1455.000000 2238.416382 1050.000000
192 935.000000 2163.360718 1156.144554
193 1780.000000 1825.610840 2111.445557
194 1845.000000 1112.583305 1368.433655
195 1715.000000 1788.083130 2005.301025
196 870.000000 1750.555298 1262.289108
197 2170.000000 1375.277649 1474.578217
198 1715.000000 1938.194092 2111.445557
199 1130.000000 2050.777466 1156.144554
200 2105.000000 2238.416382 2005.301025
201 1520.000000 2125.833008 1050.000000
202 1065.000000 1938.194092 1156.144554
203 1065.000000 2313.471802 1580.722778
204 1065.000000 2163.360718 1156.144554
205 1260.000000 2200.888550 1580.722778
206 2040.000000 1675.499817 1050.000000
207 2040.000000 1225.166611 1368.433655
208 1650.000000 2125.833008 1686.867310
209 1650.000000 2125.833008 2005.301025
210 805.000000 2013.249695 1368.433655
211 1585.000000 1938.194092 1156.144554
212 1715.000000 1938.194092 1793.011902
213 2170.000000 2050.777466 2111.445557
214 935.000000 1713.027588 1474.578217
215 870.000000 1675.499817 1368.433655
216 1845.000000 1637.971985 1899.156433
217 1000.000000 2200.888550 1580.722778
218 1975.000000 1938.194092 2111.445557
219 1455.000000 1863.138611 1899.156433
220 2170.000000 2200.888550 1262.289108
221 1780.000000 1975.721924 1899.156433
222 935.000000 1938.194092 1156.144554
223 2105.000000 1112.583305 1050.000000
224 1455.000000 1863.138611 1580.722778
225 805.000000 2088.305176 1580.722778
226 2105.000000 1487.860962 1156.144554
227 2235.000000 1487.860962 1474.578217
228 2170.000000 1375.277649 1156.144554
229 1520.000000 1825.610840 1793.011902
230 2170.000000 1225.166611 1050.000000
231 1130.000000 1900.666443 1050.000000
232 1195.000000 2013.249695 1686.867310
233 935.000000 2238.416382 1368.433655
234 935.000000 1938.194092 2111.445557
235 2170.000000 1525.388733 1262.289108
236 1910.000000 1900.666443 2005.301025
237 1520.000000 2275.943970 1474.578217
238 1325.000000 2313.471802 1262.289108
239 1000.000000 2275.943970 1156.144554
240 2040.000000 1075.055534 1899.156433
241 805.000000 1863.138611 1262.289108
242 1585.000000 1412.805420 1899.156433
243 1910.000000 1750.555298 1899.156433
244 1910.000000 2125.833008 2005.301025
245 1000.000000 2050.777466 1156.144554
246 1000.000000 2200.888550 1899.156433
247 1520.000000 2200.888550 1580.722778
248 1325.000000 2163.360718 1474.578217
249 2170.000000 1525.388733 1580.722778
250 1455.000000 2013.249695 1368.433655
251 1195.000000 2238.416382 2005.301025
252 2170.000000 1900.666443 1050.000000
253 2105.000000 2013.249695 2005.301025
254 2105.000000 1562.916504 1050.000000
255 2170.000000 1300.222137 1580.722778
256 1130.000000 1975.721924 1262.289108
257 2105.000000 1487.860962 1474.578217
258 2170.000000 1075.055534 1262.289108
259 1000.000000 2200.888550 1262.289108
260 2105.000000 1562.916504 2005.301025
261 1975.000000 2013.249695 2005.301025
262 1520.000000 1600.444275 1793.011902
263 1390.000000 2200.888550 1262.289108
264 1130.000000 2050.777466 2111.445557
265 1585.000000 1788.083130 2005.301025
266 1195.000000 2163.360718 2111.445557
267 2105.000000 1788.083130 1050.000000
268 935.000000 2313.471802 1580.722778
269 1130.000000 2200.888550 1262.289108
270 1650.000000 1225.166611 2005.301025
271 1975.000000 1262.694366 1474.578217
272 1260.000000 2275.943970 1156.144554
273 1325.000000 1863.138611 1262.289108
274 1260.000000 1825.610840 1156.144554
275 870.000000 2050.777466 1474.578217
276 1455.000000 2163.360718 1156.144554
277 2105.000000 1262.694366 1474.578217
278 2235.000000 1262.694366 1156.144554
279 870.000000 2125.833008 1686.867310
280 1585.000000 1637.971985 1899.156433
281 1325.000000 2163.360718 1156.144554
282 1910.000000 1675.499817 1050.000000
283 2170.000000 1225.166611 1368.433655
284 1065.000000 2013.249695 1368.433655
285 2170.000000 1150.111069 1156.144554
286 1585.000000 2013.249695 1050.000000
287 2170.000000 2200.888550 1899.156433
288 1650.000000 2200.888550 1580.722778
289 1000.000000 2275.943970 1474.578217
290 1715.000000 1187.638824 1899.156433
291 2105.000000 2013.249695 1368.433655
292 2040.000000 1900.666443 1368.433655
293 2170.000000 2125.833008 1368.433655
294 1585.000000 1337.749908 2005.301025
295 1585.000000 2088.305176 1899.156433
296 2170.000000 2050.777466 1156.144554
297 935.000000 2088.305176 1262.289108
298 2105.000000 2088.305176 1262.289108
299 2105.000000 2238.416382 1368.433655
300 1000.000000 2125.833008 2005.301025
301 1065.000000 2013.249695 1050.000000
302 2235.000000 1487.860962 1793.011902
303 1065.000000 2313.471802 1262.289108
304 1195.000000 2163.360718 1156.144554
305 1195.000000 2088.305176 1580.722778
306 2040.000000 1225.166611 1050.000000
307 1910.000000 1375.277649 1474.578217
308 2040.000000 1375.277649 1474.578217
309 1325.000000 2013.249695 1050.000000
310 2170.000000 1825.610840 1156.144554
311 1195.000000 2313.471802 1899.156433
312 1325.000000 2013.249695 1368.433655
313 2040.000000 1300.222137 1262.289108
314 1585.000000 2238.416382 1368.433655
315 1975.000000 1788.083130 1368.433655
316 2040.000000 1675.499817 1368.433655
317 935.000000 1788.083130 1050.000000
318 1065.000000 2238.416382 2005.301025
319 870.000000 2275.943970 1793.011902
320 935.000000 2238.416382 2005.301025
321 935.000000 2238.416382 1686.867310
322 805.000000 2088.305176 1899.156433
323 1130.000000 2200.888550 1899.156433
324 1520.000000 1675.499817 1686.867310
325 1000.000000 2050.777466 1474.578217
326 870.000000 2200.888550 1580.722778
327 2105.000000 2163.360718 2111.445557
328 2105.000000 1938.194092 1156.144554
329 1585.000000 2313.471802 1262.289108
330 2105.000000 2088.305176 1899.156433
331 1455.000000 1788.083130 1686.867310
332 1845.000000 1788.083130 2005.301025
333 2235.000000 1487.860962 2111.445557
334 935.000000 2163.360718 1474.578217
335 2040.000000 1300.222137 1580.722778
336 2040.000000 1525.388733 1899.156433
337 870.000000 2125.833008 2005.301025
338 1195.000000 2088.305176 1262.289108
339 1065.000000 2088.305176 1262.289108
340 1520.000000 1525.388733 1899.156433
341 1975.000000 1713.027588 2111.445557
342 2105.000000 2013.249695 1050.000000
343 1065.000000 2313.471802 1899.156433
344 1000.000000 1900.666443 1050.000000
345 1455.000000 2013.249695 1050.000000
346 2040.000000 1375.277649 1156.144554
347 1975.000000 1337.749908 1368.433655
348 2105.000000 1788.083130 2005.301025
349 1975.000000 2163.360718 2111.445557
350 1520.000000 1975.721924 1899.156433
351 1455.000000 2163.360718 1474.578217
352 870.000000 2200.888550 1899.156433
353 1910.000000 2050.777466 2111.445557
354 2105.000000 1112.583305 1368.433655
355 1650.000000 2125.833008 1050.000000
356 2105.000000 1337.749908 1050.000000
357 1910.000000 1075.055534 1262.289108
358 870.000000 2050.777466 1793.011902
359 2040.000000 1075.055534 1262.289108
360 1975.000000 1112.583305 1050.000000
361 935.000000 2088.305176 1899.156433
362 2040.000000 1525.388733 1262.289108
363 1650.000000 1825.610840 1793.011902
364 2040.000000 1075.055534 1580.722778
365 2040.000000 1600.444275 2111.445557
366 1325.000000 2088.305176 1262.289108
367 1455.000000 1938.194092 1474.578217
368 2170.000000 1600.444275 1793.011902
369 1520.000000 2050.777466 1474.578217
370 1780.000000 1675.499817 1686.867310
371 1390.000000 2125.833008 1368.433655
372 1520.000000 1825.610840 2111.445557
373 1780.000000 1600.444275 1793.011902
374 2040.000000 1375.277649 2111.445557
375 2105.000000 1713.027588 1156.144554
376 2040.000000 2050.777466 1156.144554
377 2040.000000 1900.666443 2005.301025
378 2170.000000 2125.833008 1686.867310
379 1520.000000 2200.888550 1262.289108
380 1325.000000 2238.416382 1368.433655
381 1260.000000 2200.888550 1262.289108
382 1260.000000 1975.721924 1262.289108
383 1195.000000 2238.416382 1368.433655
384 1520.000000 2275.943970 1156.144554
385 2170.000000 1300.222137 1262.289108
386 1975.000000 1112.583305 1686.867310
387 1910.000000 1225.166611 1050.000000
388 1000.000000 2125.833008 1050.000000
389 1585.000000 1863.138611 1899.156433
390 1455.000000 2088.305176 1262.289108
391 1455.000000 2238.416382 1368.433655
392 1130.000000 2125.833008 1050.000000
393 2105.000000 1487.860962 2111.445557
394 1585.000000 1713.027588 2111.445557
395 2040.000000 2200.888550 1899.156433
396 1715.000000 1713.027588 2111.445557
397 1520.000000 1900.666443 2005.301025
398 1065.000000 2013.249695 1686.867310
399 1000.000000 2125.833008 1368.433655
400 1130.000000 2125.833008 1686.867310
401 870.000000 1975.721924 1899.156433
402 870.000000 1825.610840 2111.445557
403 1455.000000 1713.027588 1474.578217
404 1130.000000 2200.888550 1580.722778
405 935.000000 2163.360718 2111.445557
406 2040.000000 1525.388733 1580.722778
407 2040.000000 1600.444275 1474.578217
408 2040.000000 1450.333221 1686.867310
409 1650.000000 2050.777466 1793.011902
410 2170.000000 1600.444275 1474.578217
411 2170.000000 1675.499817 1368.433655
412 2105.000000 1637.971985 1580.722778
413 1975.000000 2238.416382 2005.301025
414 1910.000000 2200.888550 1899.156433
415 1910.000000 2275.943970 2111.445557
416 2040.000000 1825.610840 1156.144554
417 2040.000000 1900.666443 1050.000000
418 2040.000000 1750.555298 1262.289108
419 1975.000000 1713.027588 1156.144554
420 1910.000000 1825.610840 1156.144554
421 1975.000000 1637.971985 1262.289108
422 2170.000000 1375.277649 1793.011902
423 2235.000000 1262.694366 1793.011902
424 2040.000000 1375.277649 1793.011902
425 1845.000000 1788.083130 1686.867310
426 1845.000000 1863.138611 1580.722778
427 1910.000000 1825.610840 1793.011902
428 1455.000000 1713.027588 2111.445557
429 1520.000000 1600.444275 2111.445557
430 1325.000000 1713.027588 2111.445557
431 2040.000000 2200.888550 1262.289108
432 1975.000000 2088.305176 1262.289108
433 1975.000000 2313.471802 1262.289108
434 1975.000000 1412.805420 1580.722778
435 1910.000000 1525.388733 1580.722778
436 1975.000000 1337.749908 1686.867310
437 870.000000 2125.833008 1050.000000
438 805.000000 2013.249695 1050.000000
439 805.000000 2238.416382 1050.000000
440 935.000000 1863.138611 1899.156433
441 870.000000 1825.610840 1793.011902
442 1000.000000 1900.666443 2005.301025
443 1455.000000 1562.916504 2005.301025
444 1455.000000 1637.971985 1899.156433
445 1390.000000 1600.444275 1793.011902
446 1455.000000 1713.027588 1793.011902
447 1585.000000 1713.027588 1793.011902
448 1845.000000 1863.138611 1899.156433
449 1715.000000 1863.138611 1899.156433
2 total number of boundary nodes
node	bctyp	press/flow	HD	PO2
92 	2 	143.134737 	0.37 	55. 1. 1
90 	0 	3.367833 	0.37 	55. 1. 1
